obsFrequencies = [ 1947, 2022, 1924, 1952, 2084, 1975, 2046, 2049, 1998, 1899, 1992, 2003, 2035, 2025, 2046, 2077, 2045, 2056, 1962, 1942, 2055, 2016, 2001, 1975, 1988, 2081, 1990, 1938, 1990, 1982, 2028, 1990, 1957, 2084, 2035, 1993, 2016, 1943, 1953, 1996, 1983, 2017, 2014, 2004, 2008, 1989, 2019, 2053, 1961, 1996, 1966, 2071, 2004, 1949, 2000, 2041, 2059, 2051, 2127, 1965, 2105, 1950, 2044, 1988, 2009, 2037, 1929, 1939, 2008, 1962, 1972, 2085, 1951, 1981, 1972, 2040, 1963, 2083, 2071, 2031, 2031, 1996, 2032, 2048, 2016, 2032, 2006, 1907, 2002, 2056, 2050, 1941, 1956, 1932, 2046, 2002, 1967, 1917, 2009, 2014, 1495, 523; 2025, 2026, 1891, 2134, 2030, 1976, 1971, 2010, 2038, 2133, 1999, 1995, 1981, 2017, 1930, 2069, 2046, 1986, 2041, 2023, 1995, 2090, 2021, 2026, 2058, 1992, 2123, 2013, 2025, 1970, 2043, 1999, 2031, 2051, 1960, 1967, 1923, 2030, 1994, 2077, 1973, 2079, 2000, 1959, 2011, 1964, 1987, 1983, 2000, 1959, 1932, 2018, 2024, 2009, 1927, 1977, 2050, 1901, 1990, 2064, 2058, 1892, 2046, 2045, 1971, 1990, 2035, 1955, 1942, 2025, 1992, 2017, 1924, 2025, 2003, 1952, 1959, 2052, 2000, 2028, 1978, 1989, 2006, 2017, 2035, 2086, 2005, 1912, 2016, 2026, 2030, 1946, 2051, 1966, 2029, 1982, 1977, 1989, 1506, 483, 0, 0; 2055, 2028, 1978, 2029, 2049, 1996, 1947, 1947, 1983, 1905, 1959, 2059, 1994, 2039, 2073, 1973, 2004, 1992, 2023, 2028, 1935, 2003, 1953, 2038, 1991, 2103, 1932, 2043, 2052, 1999, 2008, 1975, 2044, 2013, 2053, 2052, 1975, 2033, 2065, 2026, 1939, 1999, 1985, 1970, 2008, 1988, 1977, 2015, 1947, 2052, 2028, 2037, 1991, 1975, 2038, 1984, 1931, 2040, 1981, 2017, 1981, 2049, 2003, 1941, 1927, 1963, 1925, 1992, 2004, 1925, 2025, 2002, 2081, 1963, 1937, 1950, 1934, 1982, 2095, 2026, 1960, 2047, 1976, 1917, 2050, 2017, 2000, 2066, 1966, 2076, 1947, 2003, 1962, 2003, 2006, 2027, 1507, 458, 0, 0, 0, 0; 1982, 1974, 1894, 2015, 2040, 2039, 2051, 1943, 2050, 2029, 1985, 1935, 2095, 1952, 1935, 2000, 1947, 2064, 2037, 1996, 2028, 2069, 2054, 2007, 2046, 1967, 2047, 1951, 2129, 2035, 2039, 2025, 1959, 2165, 1981, 1957, 1975, 2039, 1990, 2064, 2022, 2022, 2118, 2037, 2045, 1970, 2010, 1960, 1957, 1992, 2090, 1909, 1982, 1984, 1960, 2013, 1887, 2044, 2007, 2065, 1993, 1990, 1985, 2036, 1946, 2023, 1973, 2033, 2035, 2018, 1993, 2016, 2031, 1969, 1931, 2036, 2007, 2030, 1967, 1927, 2002, 1977, 2012, 2024, 2019, 2009, 2022, 2074, 1983, 2002, 1957, 2021, 1908, 2048, 1556, 503, 0, 0, 0, 0, 0, 0; 1980, 2045, 1965, 2019, 2041, 2012, 2049, 1963, 2031, 2061, 2042, 2024, 1917, 2003, 1994, 1983, 2015, 2009, 1978, 2037, 1967, 1976, 1993, 1968, 1974, 1979, 2025, 1973, 1984, 1979, 2021, 1953, 1972, 2000, 2006, 1960, 2015, 2018, 1921, 1967, 1944, 2007, 1956, 1943, 2070, 1976, 1959, 2005, 2057, 2073, 2014, 1992, 1954, 2037, 2003, 1950, 1983, 2004, 1983, 1986, 2042, 1972, 1984, 1999, 1935, 1996, 2072, 2077, 2003, 1965, 2011, 2009, 2009, 2034, 2005, 2063, 2023, 1958, 2009, 2011, 2000, 2017, 1926, 2009, 1929, 1985, 1951, 1962, 2026, 2027, 1963, 2042, 1410, 505, 0, 0, 0, 0, 0, 0, 0, 0; 1990, 2023, 1990, 1998, 1984, 1955, 1973, 2016, 2025, 2009, 1949, 1981, 1999, 1934, 1987, 1989, 2056, 1890, 1953, 2060, 2007, 1930, 2002, 1978, 1913, 2013, 2103, 1996, 2011, 2031, 1940, 2018, 2045, 2069, 1970, 2071, 1943, 2009, 2012, 1997, 1988, 2061, 1917, 1937, 1977, 1986, 1991, 1995, 1991, 2024, 2065, 2033, 2021, 1984, 1936, 2007, 2050, 2026, 1890, 2003, 1966, 2034, 1999, 2014, 1977, 2009, 2008, 2035, 2059, 1961, 2009, 1918, 1997, 1999, 1966, 2091, 1954, 1964, 1993, 2075, 1937, 1989, 2115, 1970, 2010, 2000, 2012, 1992, 2051, 1970, 1560, 532, 0, 0, 0, 0, 0, 0, 0, 0, 0, 0; 1984, 2101, 2004, 2024, 2073, 2060, 1969, 2040, 1997, 1967, 2020, 1978, 2056, 2032, 1975, 2107, 1947, 1961, 2032, 1993, 2011, 2017, 2063, 1995, 2000, 1986, 2016, 2003, 2002, 2023, 2052, 1996, 2048, 1969, 2048, 2037, 1999, 2015, 1964, 2014, 1966, 2041, 2012, 1978, 2013, 2038, 2047, 2014, 2014, 1995, 2038, 2024, 1964, 2020, 1959, 2068, 2036, 2095, 1968, 1956, 1974, 1953, 2020, 2000, 1968, 2008, 2021, 1939, 1929, 1989, 2007, 1970, 2118, 1966, 2018, 2054, 1992, 2063, 1956, 1975, 2006, 2017, 2018, 2014, 1953, 1991, 1993, 1939, 1468, 511, 0, 0, 0, 0, 0, 0, 0, 0, 0, 0, 0, 0; 1959, 2019, 2071, 1941, 2038, 1941, 1962, 1982, 1995, 1961, 2023, 1935, 1976, 1974, 2014, 1982, 1995, 1971, 1975, 2017, 2010, 2005, 1946, 1992, 2014, 1996, 1938, 1979, 2010, 1900, 1958, 1964, 2045, 2022, 1999, 2056, 1969, 2028, 1997, 1993, 1946, 2041, 2062, 2046, 2061, 1964, 1969, 2012, 2106, 2016, 2020, 1998, 2031, 1980, 1992, 2025, 1953, 2088, 2039, 1945, 1974, 2002, 2028, 1949, 2002, 2014, 1990, 1962, 1987, 2071, 1895, 2058, 2032, 2024, 1958, 2066, 2011, 1948, 1905, 2097, 1970, 2001, 2013, 1970, 1955, 2032, 1460, 500, 0, 0, 0, 0, 0, 0, 0, 0, 0, 0, 0, 0, 0, 0; 2018, 1896, 2021, 1977, 1996, 1985, 1970, 1972, 1878, 1950, 2012, 2021, 1951, 1972, 2035, 1939, 1988, 2014, 1941, 1987, 2009, 1984, 1957, 1996, 1911, 1965, 2016, 1955, 1977, 1989, 2070, 2045, 1974, 2028, 1954, 2008, 2052, 2041, 1951, 2013, 2037, 1952, 2034, 2014, 1984, 2038, 2048, 2086, 2023, 1942, 1941, 1994, 2024, 2022, 1974, 2071, 1986, 2014, 1980, 1987, 1989, 2021, 1966, 2013, 2039, 2004, 2069, 1969, 1916, 2025, 2041, 1939, 1963, 1923, 1996, 2006, 2037, 1996, 1885, 1984, 2008, 1863, 1974, 1901, 1451, 523, 0, 0, 0, 0, 0, 0, 0, 0, 0, 0, 0, 0, 0, 0, 0, 0; 2006, 1965, 2009, 1985, 1978, 2047, 2030, 2030, 1879, 1955, 2042, 2007, 1942, 1987, 1971, 2035, 1938, 2037, 1977, 2038, 1981, 2011, 2000, 2022, 1976, 2044, 2057, 2010, 2012, 2000, 1977, 1931, 2030, 1941, 1915, 1978, 2042, 1997, 1988, 1937, 2040, 1993, 1960, 1933, 2021, 2111, 2026, 2014, 1981, 2024, 1948, 2024, 1949, 1981, 2049, 1995, 2071, 2016, 1955, 2034, 1971, 1923, 2063, 2035, 2065, 2075, 1935, 1957, 1998, 2025, 1965, 1941, 1989, 1899, 1994, 2087, 2007, 1977, 2005, 2092, 1993, 1982, 1535, 541, 0, 0, 0, 0, 0, 0, 0, 0, 0, 0, 0, 0, 0, 0, 0, 0, 0, 0; 1960, 1915, 1988, 2030, 1987, 1972, 1923, 1877, 2028, 2031, 1990, 2038, 1979, 2010, 1967, 2091, 1957, 1988, 1975, 1958, 1964, 1997, 1991, 1979, 1996, 1994, 1996, 1974, 1898, 2023, 2080, 1943, 1995, 2024, 2003, 1953, 2052, 2027, 2014, 2076, 2014, 1992, 1999, 1921, 2056, 2015, 2008, 1947, 1936, 2036, 2067, 2082, 1901, 1985, 2006, 1933, 2001, 2017, 1964, 1978, 1994, 2064, 2015, 1978, 2037, 2015, 1894, 2071, 1971, 1908, 1995, 2007, 2093, 2045, 1929, 1963, 2013, 1990, 2023, 2011, 1490, 543, 0, 0, 0, 0, 0, 0, 0, 0, 0, 0, 0, 0, 0, 0, 0, 0, 0, 0, 0, 0; 2077, 1935, 2018, 1965, 2002, 2006, 1956, 2074, 1943, 1997, 2062, 1970, 2042, 2005, 2055, 2035, 1986, 2036, 2089, 2033, 2032, 2002, 1995, 2003, 1922, 2081, 2051, 2039, 1947, 1967, 2004, 1965, 1954, 1992, 1960, 2029, 1953, 1972, 1959, 2010, 1973, 1973, 1915, 1945, 1994, 2050, 2006, 1988, 1906, 1998, 2026, 1995, 2027, 1934, 1918, 1984, 2083, 2064, 1979, 2013, 1990, 2019, 1979, 1964, 2009, 1873, 2038, 2030, 1997, 2002, 2030, 2051, 2056, 2008, 2062, 2111, 2048, 2006, 1447, 488, 0, 0, 0, 0, 0, 0, 0, 0, 0, 0, 0, 0, 0, 0, 0, 0, 0, 0, 0, 0, 0, 0; 1974, 2098, 2011, 1962, 1913, 2004, 2026, 2017, 1910, 1974, 2043, 1971, 2093, 1987, 1929, 1977, 2005, 2006, 2041, 1974, 2037, 1981, 1933, 1952, 2069, 1961, 1974, 1978, 1973, 2128, 1988, 2025, 1980, 2049, 1999, 2034, 2026, 1958, 2023, 2056, 1955, 2011, 2013, 1992, 1979, 1993, 2056, 1981, 2039, 2053, 1994, 2038, 1911, 2013, 2028, 1956, 2057, 2014, 1942, 2040, 2024, 1945, 1986, 2018, 2003, 2052, 2079, 1960, 2043, 2021, 2146, 2027, 2005, 2032, 1995, 2017, 1525, 476, 0, 0, 0, 0, 0, 0, 0, 0, 0, 0, 0, 0, 0, 0, 0, 0, 0, 0, 0, 0, 0, 0, 0, 0; 1996, 2065, 2032, 1972, 1998, 1964, 1997, 2003, 1964, 1958, 1900, 1985, 2015, 1991, 2030, 1950, 1986, 2062, 1987, 1957, 1938, 1967, 1931, 1982, 2033, 2045, 1988, 2002, 2084, 2009, 1956, 2064, 1983, 1997, 2001, 2045, 1977, 1979, 2026, 2008, 2101, 2000, 2035, 1950, 2034, 2025, 2024, 1963, 1978, 2016, 2021, 1948, 1906, 1962, 1977, 1902, 1983, 1963, 2005, 1999, 2001, 1975, 1991, 2016, 1992, 1966, 1979, 2010, 1961, 2014, 2009, 1999, 1928, 1953, 1532, 503, 0, 0, 0, 0, 0, 0, 0, 0, 0, 0, 0, 0, 0, 0, 0, 0, 0, 