obsFrequencies = [ 0, 0, 0, 0, 0, 0, 0, 0, 0, 0, 0, 0, 0, 0, 0, 0, 0, 0, 65, 330, 653, 894, 999, 1143, 1211, 1261, 1244, 1142, 1069, 856, 631, 354, 60, 0, 0, 0, 0, 0, 0, 0, 0, 0, 0, 0, 0, 0, 0, 0, 0, 0, 0; 0, 0, 0, 0, 0, 0, 0, 0, 0, 0, 0, 0, 0, 0, 0, 46, 426, 861, 1193, 1250, 1227, 1334, 1279, 1234, 1260, 1245, 1301, 1274, 1269, 1252, 1349, 1287, 1213, 911, 451, 46, 0, 0, 0, 0, 0, 0, 0, 0, 0, 0, 0, 0, 0, 0, 0; 0, 0, 0, 0, 0, 0, 0, 0, 0, 0, 0, 0, 0, 97, 643, 1172, 1239, 1317, 1326, 1262, 1273, 1275, 1297, 1281, 1252, 1220, 1310, 1253, 1283, 1304, 1298, 1350, 1282, 1315, 1269, 1137, 645, 74, 0, 0, 0, 0, 0, 0, 0, 0, 0, 0, 0, 0, 0; 0, 0, 0, 0, 0, 0, 0, 0, 0, 0, 0, 15, 569, 1229, 1246, 1241, 1221, 1269, 1227, 1256, 1278, 1210, 1209, 1252, 1345, 1264, 1271, 1296, 1319, 1308, 1225, 1236, 1264, 1258, 1300, 1255, 1240, 1171, 550, 16, 0, 0, 0, 0, 0, 0, 0, 0, 0, 0, 0; 0, 0, 0, 0, 0, 0, 0, 0, 0, 0, 203, 990, 1308, 1235, 1289, 1304, 1224, 1247, 1338, 1271, 1303, 1335, 1228, 1299, 1318, 1322, 1283, 1295, 1208, 1256, 1330, 1275, 1218, 1312, 1270, 1328, 1276, 1268, 1218, 1036, 202, 0, 0, 0, 0, 0, 0, 0, 0, 0, 0; 0, 0, 0, 0, 0, 0, 0, 0, 0, 460, 1192, 1263, 1340, 1289, 1277, 1255, 1270, 1257, 1294, 1326, 1263, 1301, 1274, 1298, 1308, 1239, 1265, 1245, 1235, 1359, 1330, 1250, 1258, 1309, 1265, 1275, 1233, 1264, 1208, 1230, 1177, 429, 0, 0, 0, 0, 0, 0, 0, 0, 0; 0, 0, 0, 0, 0, 0, 0, 2, 655, 1174, 1316, 1212, 1278, 1299, 1226, 1234, 1261, 1240, 1217, 1215, 1300, 1257, 1271, 1279, 1266, 1300, 1320, 1284, 1276, 1216, 1299, 1298, 1288, 1316, 1225, 1259, 1264, 1215, 1273, 1194, 1302, 1302, 640, 0, 0, 0, 0, 0, 0, 0, 0; 0, 0, 0, 0, 0, 0, 1, 700, 1313, 1218, 1350, 1232, 1322, 1294, 1230, 1295, 1275, 1268, 1296, 1281, 1255, 1202, 1301, 1154, 1245, 1254, 1314, 1238, 1246, 1304, 1231, 1278, 1276, 1261, 1185, 1249, 1332, 1327, 1286, 1284, 1260, 1281, 1308, 733, 0, 0, 0, 0, 0, 0, 0; 0, 0, 0, 0, 0, 0, 655, 1254, 1288, 1301, 1277, 1289, 1262, 1253, 1324, 1311, 1327, 1302, 1220, 1264, 1289, 1306, 1259, 1261, 1201, 1356, 1314, 1363, 1277, 1306, 1310, 1284, 1262, 1348, 1275, 1278, 1282, 1332, 1260, 1244, 1318, 1306, 1229, 1281, 610, 0, 0, 0, 0, 0, 0; 0, 0, 0, 0, 0, 447, 1301, 1325, 1278, 1199, 1210, 1282, 1274, 1280, 1272, 1304, 1283, 1272, 1201, 1251, 1266, 1260, 1289, 1245, 1260, 1215, 1323, 1285, 1256, 1242, 1247, 1329, 1322, 1268, 1299, 1334, 1335, 1313, 1256, 1287, 1255, 1303, 1270, 1270, 1260, 442, 0, 0, 0, 0, 0; 0, 0, 0, 0, 190, 1180, 1301, 1256, 1311, 1285, 1277, 1290, 1212, 1264, 1247, 1330, 1310, 1273, 1246, 1269, 1246, 1257, 1267, 1231, 1274, 1264, 1260, 1269, 1280, 1303, 1280, 1215, 1309, 1238, 1247, 1276, 1346, 1295, 1254, 1197, 1311, 1327, 1257, 1245, 1204, 1219, 185, 0, 0, 0, 0; 0, 0, 0, 10, 1008, 1293, 1263, 1266, 1289, 1241, 1271, 1331, 1261, 1299, 1285, 1251, 1212, 1253, 1213, 1245, 1240, 1278, 1287, 1238, 1233, 1319, 1317, 1319, 1283, 1306, 1275, 1300, 1259, 1251, 1249, 1296, 1316, 1306, 1226, 1342, 1294, 1295, 1292, 1262, 1219, 1250, 1079, 20, 0, 0, 0; 0, 0, 0, 538, 1259, 1257, 1322, 1237, 1282, 1287, 1253, 1270, 1259, 1317, 1302, 1281, 1209, 1286, 1347, 1235, 1254, 1313, 1324, 1321, 1292, 1233, 1250, 1259, 1322, 1231, 1226, 1307, 1241, 1276, 1252, 1290, 1324, 1247, 1271, 1244, 1328, 1247, 1334, 1254, 1230, 1294, 1265, 603, 0, 0, 0; 0, 0, 53, 1188, 1197, 1330, 1266, 1253, 1273, 1231, 1244, 1290, 1294, 1313, 1258, 1265, 1282, 1273, 1334, 1330, 1329, 1256, 1284, 1309, 1290, 1252, 1283, 1279, 1262, 1272, 1255, 1278, 1185, 1276, 1243, 1278, 1292, 1339, 1335, 1252, 1251, 1278, 1232, 1287, 1260, 1223, 1291, 1216, 87, 0, 0; 0, 0, 639, 1268, 1264, 1255, 1334, 1280, 1296, 1210, 1275, 1291, 1284, 1275, 1272, 1224, 1266, 1204, 1269, 1301, 1271, 1268, 1216, 1227, 1277, 1293, 1288, 1271, 1312, 1231, 1284, 1226, 1299, 1264, 1282, 1254, 1230, 1225, 1270, 1288, 1306, 1275, 1294, 1279, 1263, 1254, 1247, 1267, 597, 0, 0; 0, 39, 1200, 1311, 1236, 1230, 1244, 1269, 1267, 1250, 1292, 1265, 1284, 1200, 1295, 1279, 1259, 1240, 1275, 1180, 1248, 1242, 1281, 1319, 1318, 1275, 1263, 1281, 1260, 1186, 1278, 1259, 1273, 1278, 1274, 1283, 1228, 1230, 1259, 1255, 1311, 1288, 1204, 1263, 1289, 1342, 1311, 1332, 1164, 41, 0; 0, 441, 1272, 1303, 1280, 1285, 1291, 1312, 1295, 1249, 1295, 1241, 1280, 1347, 1327, 1268, 1235, 1322, 1243, 1304, 1236, 1336, 1293, 1247, 1298, 1283, 1264, 1256, 1303, 1276, 1231, 1329, 1239, 1314, 1234, 1322, 1268, 1262, 1217, 1251, 1253, 1259, 1331, 1284, 1255, 1274, 1326, 1308, 1292, 467, 0; 0, 860, 1285, 1237, 1280, 1227, 1218, 1239, 1258, 1328, 1256, 1321, 1293, 1244, 1280, 1274, 1274, 1270, 1356, 1251, 1293, 1204, 1290, 1285, 1344, 1206, 1263, 1263, 1340, 1284, 1261, 1249, 1216, 1251, 1270, 1309, 1213, 1317, 1320, 1264, 1350, 1181, 1268, 1359, 1342, 1300, 1311, 1309, 1251, 946, 0; 54, 1247, 1248, 1219, 1195, 1284, 1291, 1256, 1283, 1265, 1313, 1317, 1352, 1310, 1334, 1300, 1323, 1253, 1316, 1275, 1283, 1303, 1281, 1335, 1270, 1290, 1261, 1276, 1260, 1236, 1278, 1320, 1275, 1241, 1198, 1288, 1283, 1262, 1321, 1271, 1268, 1222, 1280, 1260, 1327, 1286, 1298, 1260, 1272, 1231, 57; 361, 1302, 1263, 1314, 1221, 1266, 1265, 1248, 1260, 1233, 1314, 1268, 1259, 1277, 1261, 1256, 1263, 1236, 1230, 1197, 1312, 1253, 1265, 1349, 1283, 1308, 1353, 1318, 1266, 1300, 1246, 1296, 1283, 1319, 1240, 1243, 1267, 1305, 1245, 1267, 1297, 1267, 1331, 1211, 1226, 1225, 1246, 1263, 1313, 1221, 330; 668, 1291, 1293, 1268, 1263, 1320, 1271, 1273, 1273, 1249, 1260, 1253, 1297, 1289, 1219, 1215, 1272, 1228, 1247, 1246, 1247, 1245, 1185, 1283, 1254, 1288, 1290, 1298, 1269, 1288, 1285, 1270, 1298, 1246, 1227, 1282, 1282, 1260, 1267, 1275, 1295, 1267, 1247, 1273, 1294, 1238, 1329, 1348, 1248, 1296, 594; 819, 1287, 1290, 1337, 1252, 1322, 1263, 1210, 1322, 1286, 1323, 1295, 1274, 1296, 1317, 1289, 1267, 1301, 1227, 1283, 1291, 1249, 1311, 1271, 1297, 1231, 1303, 1306, 1283, 1253, 1244, 1303, 1237, 1198, 1294, 1263, 1250, 1260, 1233, 1292, 1196, 1297, 1289, 1230, 1242, 1267, 1240, 1322, 1278, 1295, 931; 1084, 1268, 1227, 1343, 1278, 1234, 1333, 1275, 1285, 1287, 1251, 1287, 1301, 1264, 1266, 1291, 1306, 1281, 1284, 1284, 1262, 1302, 1298, 1212, 1286, 1208, 1228, 1280, 1270, 1274, 1318, 1255, 1268, 1272, 1262, 1281, 1319, 1298, 1232, 1262, 1339, 1341, 1314, 1238, 1316, 1295, 1240, 1255, 1249, 1304, 999; 1123, 1267, 1284, 1254, 1270, 1297, 1314, 1278, 1280, 1265, 1314, 1209, 1320, 1334, 1238, 1259, 1231, 1296, 1265, 1223, 1283, 1308, 1279, 1304, 1231, 1289, 1221, 1275, 1289, 1250, 1331, 1278, 1240, 1274, 1282, 1274, 1309, 1318, 1228, 1298, 1251, 1328, 1306, 1335, 1240, 1274, 1297, 1231, 1262, 1229, 1178; 1231, 1284, 1206, 1253, 1260, 1301, 1279, 1198, 1268, 1310, 1290, 1328, 1286, 1276, 1271, 1314, 1256, 1283, 1243, 1246, 1305, 1273, 1301, 1310, 1284, 1264, 1285, 1222, 1258, 1287, 1227, 1315, 1279, 1209, 1303, 1290, 1284, 1279, 1255, 1316, 1245, 1241, 1267, 1217, 1224, 1261, 1289, 1289, 1279, 1301, 1233; 1263, 1306, 1281, 1266, 1332, 1339, 1277, 1246, 1249, 1294, 1227, 1296, 1329, 1351, 1299, 1290, 1263, 1200, 1264, 1253, 1300, 1273, 1262, 1275, 1292, 1236, 1251, 1304, 1286, 1255, 1226, 1296, 1254, 1258, 1285, 1242, 1281, 1260, 1297, 1214, 1308, 1198, 1338, 1286, 1267, 1306, 1218, 1271, 1312, 1310, 1280; 1292, 1269, 1240, 1285, 1325, 1257, 1252, 1286, 1298, 1237, 1289, 1240, 1285, 1306, 1279, 1195, 1263, 1294, 1281, 1362, 1250, 1296, 1313, 1285, 1295, 1268, 1247, 1311, 1302, 1312, 1266, 1265, 1280, 1303, 1362, 1279, 1306, 1272, 1287, 1278, 1306, 1307, 1221, 1257, 1271, 1309, 1276, 1264, 1366, 1291, 1211; 1111, 1271, 1306, 1235, 1266, 1262, 1295, 1314, 1257, 1263, 1260, 1238, 1285, 1253, 1272, 1270, 1243, 1289, 1297, 1258, 1268, 1279, 1176, 1265, 1262, 1276, 1262, 1308, 1287, 1295, 1247, 1305, 1275, 1288, 1310, 1222, 1278, 1325, 1287, 1319, 1229, 1270, 1273, 1253, 1334, 1296, 1153, 1273, 1222, 1244, 1136; 980, 1268, 1221, 1260, 1216, 1278, 1308, 1263, 1270, 1308, 1220, 1284, 1288, 1269, 1225, 1266, 1321, 1248, 1302, 1286, 1254, 1308, 1237, 1276, 1206, 1294, 1233, 1237, 1335, 1255, 1252, 1228, 1252, 1221, 